5 0.677734375 0.431640625 0.05859375 0.04296875
5 0.818359375 0.4609375 0.10546875 0.0625
5 0.46484375 0.466796875 0.109375 0.06640625
5 0.294921875 0.466796875 0.11328125 0.06640625
3 0.693359375 0.603515625 0.12890625 0.25390625
3 0.833984375 0.619140625 0.14453125 0.22265625
3 0.2665625 0.65203125 0.23828125 0.29296875
3 0.51171875 0.6640625 0.21875 0.3125
4 0.45703125 0.375 0.109375 0.078125
4 0.68359375 0.375 0.078125 0.0546875
4 0.28125 0.375 0.1171875 0.09375
4 0.8397265625 0.3903125 0.08984375 0.05859375