4 0.7065 0.31957989497374345 0.045 0.024006001500375095
5 0.701 0.354463615903976 0.044 0.020255063765941484
4 0.735 0.3803450862715679 0.054 0.02250562640660165
4 0.828 0.3945986496624156 0.044 0.028507126781695424
3 0.86333 0.45565641410352586 0.076 0.05776444111027757
4 0.34 0.48199549887471865 0.052 0.03075768942235559
3 0.7665 0.48874718679669915 0.105 0.1072768192048012
4 0.1025 0.5131282820705176 0.053 0.030007501875468866
4 0.608 0.5615153788447111 0.058 0.03225806451612903
3 0.3415 0.5663915978994749 0.127 0.06601650412603151
3 0.1165 0.6114028507126782 0.141 0.09152288072018004
4 0.306 0.6264066016504126 0.072 0.0345086271567892
3 0.6405 0.6732933233308327 0.127 0.12228057014253563
3 0.3285 0.7246811702925732 0.143 0.11702925731432859