1 0.4855769230769231 0.25240384615384615 0.125 0.08653846153846154
1 0.3088942307692308 0.2860576923076923 0.12740384615384615 0.07692307692307693
1 0.6790865384615384 0.28966346153846156 0.13221153846153846 0.08413461538461539
5 0.203125 0.3173076923076923 0.07932692307692307 0.052884615384615384
5 0.4987980769230769 0.33413461538461536 0.0889423076923077 0.0625
5 0.6826923076923077 0.35336538461538464 0.10096153846153846 0.0625
5 0.3112980769230769 0.3581730769230769 0.0889423076923077 0.057692307692307696
3 0.15144230769230768 0.45913461538461536 0.14903846153846154 0.27403846153846156
3 0.30649038461538464 0.47716346153846156 0.1466346153846154 0.19471153846153846
3 0.5204326923076923 0.5192307692307693 0.19951923076923078 0.2548076923076923
3 0.7115384615384616 0.5336538461538461 0.20192307692307693 0.2644230769230769
1 0.1935096153846154 0.2283653846153846 0.1466346153846154 0.10096153846153846