1 0.6213942307692307 0.2927710843373494 0.06971153846153846 0.060240963855421686
4 0.5084134615384616 0.29759036144578316 0.06490384615384616 0.04578313253012048
4 0.4182692307692308 0.3132530120481928 0.09615384615384616 0.06265060240963856
4 0.12980769230769232 0.3180722891566265 0.10096153846153846 0.05783132530120482
4 0.29447115384615385 0.3289156626506024 0.055288461538461536 0.04096385542168675
5 0.4423076923076923 0.3421686746987952 0.04326923076923077 0.03855421686746988
5 0.15985576923076922 0.3506024096385542 0.05048076923076923 0.04096385542168675
3 0.6322115384615384 0.4072289156626506 0.08653846153846154 0.1108433734939759
3 0.42908653846153844 0.43614457831325304 0.12740384615384615 0.15903614457831325
3 0.2980769230769231 0.4433734939759036 0.10096153846153846 0.13493975903614458
3 0.15264423076923078 0.45903614457831327 0.1466346153846154 0.15180722891566265