1 0.6634615384615384 0.3746987951807229 0.0625 0.05542168674698795
1 0.17908653846153846 0.3855421686746988 0.0985576923076923 0.06265060240963856
1 0.5805288461538461 0.4 0.055288461538461536 0.043373493975903614
1 0.44471153846153844 0.40481927710843374 0.057692307692307696 0.05301204819277108
1 0.7211538461538461 0.4072289156626506 0.07692307692307693 0.043373493975903614
1 0.34615384615384615 0.41204819277108434 0.052884615384615384 0.05301204819277108
5 0.8641826923076923 0.42771084337349397 0.040865384615384616 0.016867469879518072
5 0.7307692307692307 0.44819277108433736 0.04326923076923077 0.03855421686746988
3 0.5925480769230769 0.4903614457831325 0.08413461538461539 0.08433734939759036
3 0.44711538461538464 0.4939759036144578 0.10096153846153846 0.10602409638554217
3 0.3317307692307692 0.5108433734939759 0.08173076923076923 0.11566265060240964
3 0.7307692307692307 0.5240963855421686 0.08653846153846154 0.1180722891566265
3 0.8569711538461539 0.5277108433734939 0.12259615384615384 0.13493975903614458
3 0.17908653846153846 0.5433734939759036 0.13701923076923078 0.17590361445783131