1 0.5288461538461539 0.5120481927710844 0.08173076923076923 0.06506024096385542
1 0.6634615384615384 0.5253012048192771 0.08173076923076923 0.06746987951807229
1 0.796875 0.536144578313253 0.08413461538461539 0.06987951807228916
1 0.203125 0.5433734939759036 0.08413461538461539 0.06987951807228916
1 0.35697115384615385 0.5650602409638554 0.08413461538461539 0.06987951807228916
5 0.5276442307692307 0.5662650602409639 0.05048076923076923 0.05301204819277108
5 0.6658653846153846 0.5795180722891566 0.0673076923076923 0.03614457831325301
5 0.796875 0.5831325301204819 0.040865384615384616 0.043373493975903614
5 0.20793269230769232 0.6012048192771084 0.05048076923076923 0.04578313253012048
5 0.3641826923076923 0.619277108433735 0.05048076923076923 0.03855421686746988
3 0.5324519230769231 0.7072289156626506 0.13701923076923078 0.21927710843373494
3 0.8329326923076923 0.7216867469879518 0.15625 0.22409638554216868
3 0.6875 0.7240963855421687 0.15865384615384615 0.2433734939759036
3 0.1935096153846154 0.7469879518072289 0.17067307692307693 0.22650602409638554
3 0.3581730769230769 0.7481927710843373 0.15384615384615385 0.20963855421686747