4 0.265625 0.33533653846153844 0.12740384615384615 0.07451923076923077
1 0.1502403846153846 0.34134615384615385 0.10336538461538461 0.08653846153846154
1 0.8221153846153846 0.3449519230769231 0.14423076923076922 0.09375
1 0.5252403846153846 0.35096153846153844 0.09375 0.07692307692307693
1 0.08533653846153846 0.3629807692307692 0.17067307692307693 0.1778846153846154
5 0.53125 0.4014423076923077 0.038461538461538464 0.04326923076923077
5 0.30528846153846156 0.4074519230769231 0.09615384615384616 0.06009615384615385
5 0.8149038461538461 0.41586538461538464 0.08173076923076923 0.0625
3 0.5240384615384616 0.5144230769230769 0.15865384615384615 0.16346153846153846
3 0.8257211538461539 0.5649038461538461 0.18509615384615385 0.22596153846153846
3 0.28125 0.5865384615384616 0.1971153846153846 0.2692307692307692