4 0.31850961538461536 0.421875 0.04567307692307692 0.036057692307692304
4 0.8401442307692307 0.4230769230769231 0.04567307692307692 0.04326923076923077
4 0.3870192307692308 0.43149038461538464 0.0625 0.05048076923076923
4 0.7584134615384616 0.43509615384615385 0.06971153846153846 0.04807692307692308
4 0.5216346153846154 0.4411057692307692 0.03365384615384615 0.036057692307692304
4 0.5793269230769231 0.4495192307692308 0.057692307692307696 0.038461538461538464
4 0.17908653846153846 0.4495192307692308 0.06971153846153846 0.04807692307692308
4 0.6742788461538461 0.46153846153846156 0.040865384615384616 0.038461538461538464
3 0.390625 0.5324519230769231 0.11298076923076923 0.11778846153846154
3 0.17908653846153846 0.5516826923076923 0.10817307692307693 0.11298076923076923
3 0.5805288461538461 0.5528846153846154 0.12259615384615384 0.12980769230769232
3 0.7644230769230769 0.5564903846153846 0.11538461538461539 0.13701923076923078