5 0.71674 0.31642666666666663 0.076 0.088
5 0.193 0.3293333333333333 0.07 0.08266666666666667
5 0.56222 0.3638666666666666 0.056 0.06666666666666667
3 0.414 0.576 0.196 0.4053333333333333
3 0.7350599999999999 0.6107466666666667 0.204 0.34933333333333333
3 0.56536 0.6225333333333333 0.136 0.2853333333333333
3 0.187 0.6546666666666666 0.226 0.34933333333333333
4 0.395 0.104 0.086 0.09066666666666667
4 0.733 0.18 0.082 0.08266666666666667
4 0.178 0.20266666666666666 0.076 0.08533333333333333
5 0.417 0.24266666666666667 0.062 0.08533333333333333
4 0.553 0.244 0.078 0.088