4 0.20982142857142858 0.5372023809523809 0.12053571428571429 0.09226190476190477
4 0.4017857142857143 0.6383928571428571 0.08928571428571429 0.09226190476190477
4 0.7845982142857143 0.6383928571428571 0.10044642857142858 0.08630952380952381
4 0.6194196428571429 0.6607142857142857 0.08705357142857142 0.10119047619047619
5 0.234375 0.7023809523809523 0.08482142857142858 0.10119047619047619
5 0.3891294642857143 0.783720238095238 0.08035714285714286 0.09523809523809523
5 0.6049107142857143 0.7857142857142857 0.07142857142857142 0.07738095238095238
4 0.796875 0.7857142857142857 0.08928571428571429 0.09523809523809523
3 0.20758928571428573 0.8809523809523809 0.19642857142857142 0.22023809523809523
3 0.8258928571428571 0.9226190476190477 0.15625 0.15476190476190477
3 0.38169642857142855 0.9300595238095238 0.22321428571428573 0.13988095238095238