4 0.353 0.2866666666666667 0.018 0.029333333333333333
4 0.207 0.28933333333333333 0.066 0.056
5 0.39688 0.29896 0.064 0.05333333333333334
4 0.763 0.308 0.042 0.056
4 0.919 0.33066666666666666 0.054 0.064
4 0.137 0.3373333333333333 0.05 0.056
5 0.355 0.344 0.042 0.048
5 0.246 0.348 0.052 0.06666666666666667
5 0.757 0.38 0.038 0.04
5 0.925 0.4 0.054 0.048
3 0.78 0.5053333333333333 0.136 0.19466666666666665
3 0.444 0.52 0.172 0.2986666666666667
3 0.12 0.524 0.096 0.168
3 0.231 0.5266666666666666 0.13 0.248
3 0.93288 0.5268266666666667 0.112 0.176
4 0.41378 0.21762666666666666 0.072 0.06666666666666667