4 0.559 0.48348348348348347 0.074 0.0960960960960961
3 0.399 0.484984984984985 0.186 0.3993993993993994
3 0.854 0.5015015015015015 0.216 0.2882882882882883
4 0.061 0.5615615615615616 0.094 0.10810810810810811
5 0.554 0.6111111111111112 0.068 0.08708708708708708
5 0.09 0.7027027027027027 0.072 0.1021021021021021
3 0.586 0.7792792792792793 0.176 0.24924924924924924
4 0.462 0.08558558558558559 0.072 0.0990990990990991
3 0.137 0.8888888888888888 0.274 0.2222222222222222
4 0.859 0.18018018018018017 0.07 0.08408408408408409
5 0.43533999999999995 0.22321321321321322 0.06 0.0960960960960961
5 0.86134 0.2877777777777778 0.052 0.07507507507507508