4 0.127 0.3797814207650273 0.026 0.02185792349726776
5 0.126 0.41530054644808745 0.024 0.0273224043715847
4 0.227 0.4344262295081967 0.022 0.02185792349726776
4 0.409 0.44808743169398907 0.026 0.0273224043715847
4 0.332 0.4494535519125683 0.024 0.02459016393442623
5 0.224 0.4644808743169399 0.024 0.0273224043715847
4 0.531 0.46994535519125685 0.03 0.0273224043715847
5 0.329 0.4822404371584699 0.026 0.02459016393442623
4 0.664 0.48360655737704916 0.024 0.02185792349726776
5 0.412 0.49043715846994534 0.032 0.030054644808743168
3 0.122 0.4918032786885246 0.076 0.10382513661202186
5 0.523 0.5 0.022 0.02185792349726776
4 0.695 0.5040983606557377 0.01 0.01366120218579235
5 0.658 0.5130874316939891 0.02 0.02185792349726776
3 0.229 0.5396174863387978 0.066 0.10655737704918032
4 0.84 0.5423497267759563 0.02 0.01912568306010929
4 0.882 0.5437158469945356 0.02 0.02185792349726776
3 0.334 0.5450819672131147 0.064 0.10109289617486339
3 0.37 0.546448087431694 0.032 0.04918032786885246
3 0.426 0.5628415300546448 0.072 0.11475409836065574
3 0.511 0.5710382513661202 0.062 0.09836065573770492
3 0.646 0.5860655737704918 0.076 0.12295081967213115
3 0.875 0.5983606557377049 0.042 0.07103825136612021
3 0.83228 0.6196448087431694 0.044 0.09016393442622951