4 0.6861861861861862 0.358 0.04504504504504504 0.02
5 0.6771771771771772 0.387 0.03903903903903904 0.022
3 0.7477477477477478 0.423 0.10810810810810811 0.062
4 0.9099099099099099 0.506 0.018018018018018018 0.012
4 0.9834834834834835 0.506 0.03303303303303303 0.02
4 0.1036036036036036 0.541 0.02702702702702703 0.01
4 0.4099099099099099 0.553 0.021021021021021023 0.014
4 0.2897897897897898 0.556 0.021021021021021023 0.012
4 0.33783783783783783 0.57 0.021021021021021023 0.012
5 0.28846846846846846 0.572 0.018018018018018018 0.012
5 0.4144144144144144 0.573 0.024024024024024024 0.014
3 0.1066066066066066 0.58 0.057057057057057055 0.044
3 0.4084084084084084 0.608 0.07207207207207207 0.048
3 0.32732732732732733 0.63 0.07207207207207207 0.056