3 0.57672 0.2811466666666667 0.104 0.18133333333333335
3 0.76214 0.2958133333333334 0.08 0.12533333333333332
4 0.615 0.12533333333333332 0.034 0.048
4 0.674 0.15333333333333332 0.028 0.024
4 0.741 0.16266666666666665 0.03 0.02666666666666667
5 0.613 0.17333333333333334 0.026 0.037333333333333336
4 0.361 0.19066666666666668 0.03 0.029333333333333333
5 0.675 0.19866666666666666 0.022 0.029333333333333333
5 0.736 0.204 0.032 0.029333333333333333
5 0.378 0.22933333333333333 0.02 0.02666666666666667
3 0.677 0.26 0.07 0.09866666666666667