4 0.375 0.38266666666666665 0.022 0.029333333333333333
4 0.529 0.38666666666666666 0.026 0.02666666666666667
5 0.372 0.42133333333333334 0.024 0.02666666666666667
5 0.527 0.42933333333333334 0.022 0.02666666666666667
4 0.564 0.42933333333333334 0.024 0.02666666666666667
4 0.46288 0.43466666666666665 0.026 0.02666666666666667
4 0.503 0.45866666666666667 0.022 0.02666666666666667
5 0.567 0.4613333333333333 0.022 0.02666666666666667
5 0.469 0.4693333333333333 0.018 0.021333333333333333
5 0.495 0.488 0.018 0.021333333333333333
3 0.369 0.512 0.094 0.128
3 0.486 0.5293333333333333 0.06 0.06666666666666667
3 0.575 0.544 0.078 0.11733333333333333
4 0.486 0.5613333333333334 0.024 0.029333333333333333
5 0.482 0.5986666666666667 0.024 0.024
3 0.488 0.6706666666666666 0.08 0.10933333333333334