4 0.55375 0.39 0.0775 0.08
4 0.76625 0.44 0.1125 0.09333333333333334
2 0.4725 0.4716666666666667 0.065 0.06333333333333334
2 0.5525 0.4766666666666667 0.06 0.06
2 0.77375 0.5633333333333334 0.0875 0.08666666666666667
4 0.5375 0.5716666666666667 0.09 0.06333333333333334
3 0.2975 0.575 0.265 0.55
2 0.535 0.6816666666666666 0.075 0.08333333333333333
2 0.355 0.23166666666666666 0.12 0.11
5 0.98125 0.28 0.0375 0.05333333333333334
2 0.5025 0.29 0.04 0.04666666666666667
5 0.41375 0.30333333333333334 0.0375 0.06666666666666667
5 0.57625 0.315 0.0375 0.03666666666666667