2 0.62875 0.3801498127340824 0.0725 0.10112359550561797
2 0.32625 0.40636704119850187 0.1025 0.10861423220973783
2 0.2075 0.4157303370786517 0.08 0.0898876404494382
2 0.03875 0.4931460674157303 0.0775 0.10486891385767791
3 0.63625 0.653558052434457 0.2325 0.44569288389513106
3 0.89 0.657940074906367 0.22 0.47191011235955055
4 0.87375 0.21722846441947566 0.0975 0.0749063670411985
4 0.61875 0.2808988764044944 0.1025 0.0898876404494382
4 0.3075 0.30711610486891383 0.095 0.08239700374531835
2 0.88125 0.32397003745318353 0.0825 0.10112359550561797
4 0.04375 0.352059925093633 0.0875 0.1198501872659176