3 0.195 0.5454545454545454 0.215 0.4049586776859504
5 0.8825 0.5867768595041323 0.075 0.14049586776859505
3 0.67 0.609504132231405 0.235 0.4669421487603306
4 0.17875 0.1446280991735537 0.1175 0.08264462809917356
2 0.5875 0.1921487603305785 0.065 0.128099173553719
4 0.4475 0.20454545454545456 0.095 0.09504132231404959
4 0.68 0.23140495867768596 0.085 0.10743801652892562
2 0.19 0.26239669421487605 0.1 0.1115702479338843
5 0.7725 0.26859504132231404 0.07 0.15702479338842976
2 0.45 0.27479338842975204 0.09 0.1446280991735537
2 0.69 0.32644628099173556 0.08 0.1322314049586777
5 0.3325 0.3347107438016529 0.065 0.0743801652892562