2 0.67625 0.4711111111111111 0.0475 0.06222222222222222
2 0.06875 0.48444444444444446 0.0825 0.09777777777777778
5 0.78625 0.5 0.0725 0.10222222222222223
2 0.51 0.5066666666666667 0.085 0.11555555555555555
2 0.3375 0.5088888888888888 0.065 0.07555555555555556
4 0.58375 0.2111111111111111 0.0675 0.06666666666666667
4 0.50375 0.25555555555555554 0.0475 0.057777777777777775
4 0.69875 0.27111111111111114 0.0525 0.07111111111111111
5 0.8875 0.2911111111111111 0.05 0.04888888888888889
5 0.58375 0.29777777777777775 0.0525 0.05333333333333334
4 0.44375 0.3244444444444444 0.0525 0.05333333333333334
5 0.50125 0.3244444444444444 0.0475 0.044444444444444446
4 0.05125 0.36444444444444446 0.0975 0.08
2 0.39625 0.38222222222222224 0.0475 0.06222222222222222
4 0.66875 0.38222222222222224 0.0625 0.06222222222222222
4 0.50875 0.3888888888888889 0.1075 0.09333333333333334
5 0.96125 0.4066666666666667 0.0625 0.057777777777777775
4 0.79875 0.4088888888888889 0.0825 0.07111111111111111
4 0.34125 0.41333333333333333 0.0675 0.07111111111111111