3 0.8 0.48672566371681414 0.15 0.25663716814159293
3 0.34375 0.5752212389380531 0.1675 0.39823008849557523
3 0.1275 0.581858407079646 0.12 0.24336283185840707
4 0.5475 0.18584070796460178 0.095 0.10619469026548672
4 0.7925 0.2234513274336283 0.085 0.09292035398230089
4 0.35375 0.23672566371681417 0.0875 0.05752212389380531
5 0.255 0.28761061946902655 0.03 0.04424778761061947
2 0.57375 0.3075221238938053 0.0825 0.10176991150442478
5 0.3675 0.334070796460177 0.065 0.084070796460177
2 0.8075 0.34292035398230086 0.075 0.09292035398230089
4 0.1425 0.3473451327433628 0.055 0.05752212389380531
5 0.14375 0.415929203539823 0.0475 0.061946902654867256