3 0.44 0.373134328358209 0.19 0.3656716417910448
2 0.635 0.3787313432835821 0.055 0.055970149253731345
4 0.44125 0.048507462686567165 0.0675 0.05970149253731343
4 0.69125 0.08768656716417911 0.0625 0.055970149253731345
4 0.55875 0.11753731343283583 0.0475 0.06343283582089553
2 0.4375 0.12686567164179105 0.07 0.07462686567164178
4 0.25 0.16044776119402984 0.06 0.05970149253731343
2 0.69 0.16044776119402984 0.05 0.05223880597014925
2 0.97375 0.166044776119403 0.0525 0.048507462686567165
2 0.5675 0.19029850746268656 0.05 0.05970149253731343
2 0.76875 0.21828358208955223 0.0425 0.041044776119402986
2 0.25 0.2294776119402985 0.065 0.06343283582089553
2 0.875 0.23507462686567165 0.05 0.05223880597014925