5 0.7629250000000001 0.3757677902621723 0.0375 0.03745318352059925
2 0.175 0.40636704119850187 0.035 0.04119850187265917
3 0.27375 0.4700374531835206 0.1125 0.19850187265917604
3 0.54875 0.5112359550561798 0.1125 0.20599250936329588
4 0.63375 0.2546816479400749 0.0425 0.052434456928838954
4 0.27375 0.2846441947565543 0.0475 0.0449438202247191
2 0.635 0.30337078651685395 0.04 0.052434456928838954
4 0.5525 0.31835205992509363 0.045 0.0449438202247191
2 0.50125 0.32771535580524347 0.0375 0.033707865168539325
2 0.275 0.33146067415730335 0.04 0.04868913857677903
4 0.765 0.3389513108614232 0.045 0.033707865168539325
2 0.3725 0.3445692883895131 0.025 0.03745318352059925
2 0.5525 0.36704119850187267 0.04 0.03745318352059925