2 0.215 0.5364077669902912 0.065 0.12135922330097088
2 0.11125 0.6116504854368932 0.0775 0.11650485436893204
2 0.34 0.6237864077669902 0.1 0.1407766990291262
2 0.805 0.7038834951456311 0.095 0.13592233009708737
2 0.4275 0.9223300970873787 0.105 0.14563106796116504
2 0.6725 0.14563106796116504 0.055 0.11650485436893204
2 0.935 0.21359223300970873 0.065 0.0970873786407767
2 0.36125 0.24757281553398058 0.0675 0.10679611650485436
2 0.06875 0.2961165048543689 0.0675 0.0970873786407767
2 0.60875 0.34951456310679613 0.0675 0.0970873786407767
2 0.4225 0.36650485436893204 0.085 0.1407766990291262
2 0.855 0.3859223300970874 0.055 0.0825242718446602
2 0.52625 0.39563106796116504 0.0675 0.13106796116504854
2 0.7675 0.4344660194174757 0.06 0.11165048543689321
2 0.9575 0.4563106796116505 0.085 0.13592233009708737