4 0.16125 0.37453183520599254 0.1375 0.1348314606741573
4 0.30875 0.04307116104868914 0.1175 0.07116104868913857
2 0.93375 0.45131086142322097 0.1325 0.13108614232209737
2 0.32375 0.4812734082397004 0.1275 0.13108614232209737
2 0.059175000000000005 0.5012359550561798 0.105 0.13857677902621723
2 0.16625 0.5430711610486891 0.1225 0.12734082397003746
4 0.88625 0.08052434456928839 0.1425 0.12359550561797752
4 0.57125 0.13857677902621723 0.1425 0.1348314606741573
2 0.31625 0.14606741573033707 0.1025 0.10486891385767791
5 0.10875 0.15730337078651685 0.0875 0.10486891385767791
2 0.899575 0.22348314606741573 0.1025 0.10486891385767791
2 0.545 0.2883895131086142 0.14 0.12734082397003746
4 0.32625 0.31835205992509363 0.1625 0.11235955056179775