2 0.59 0.6133333333333333 0.135 0.28444444444444444
2 0.35125 0.6311111111111111 0.1025 0.2577777777777778
5 0.14625 0.8244444444444444 0.1225 0.24444444444444444
5 0.47875 0.11555555555555555 0.0425 0.08
5 0.2075 0.17333333333333334 0.05 0.11555555555555555
2 0.2625 0.18222222222222223 0.05 0.09777777777777778
2 0.79 0.2 0.045 0.09777777777777778
5 0.5925 0.26222222222222225 0.055 0.11555555555555555
2 0.845 0.26666666666666666 0.06 0.14222222222222222
5 0.365 0.3377777777777778 0.055 0.13333333333333333
2 0.14 0.35333333333333333 0.11 0.2
5 0.26375 0.3977777777777778 0.0775 0.16444444444444445