2 0.6825 0.4101123595505618 0.095 0.15355805243445692
5 0.21625 0.47191011235955055 0.0925 0.149812734082397
5 0.0675 0.5074906367041199 0.11 0.10112359550561797
4 0.365 0.5224719101123596 0.17 0.13857677902621723
5 0.635 0.6928838951310862 0.09 0.09737827715355805
5 0.36625 0.6947565543071161 0.1375 0.07865168539325842
2 0.205 0.9026217228464419 0.15 0.149812734082397
5 0.73875 0.1198501872659176 0.0675 0.0599250936329588
5 0.63375 0.13670411985018727 0.0925 0.07116104868913857
5 0.09375 0.1404494382022472 0.0875 0.06367041198501873
5 0.23125 0.1441947565543071 0.0725 0.07116104868913857
5 0.87125 0.15917602996254682 0.0875 0.07116104868913857
5 0.75375 0.2640449438202247 0.0875 0.09363295880149813
2 0.49625 0.37265917602996257 0.0875 0.09363295880149813