4 0.50375 0.4044943820224719 0.1625 0.14232209737827714
2 0.17625 0.5243445692883895 0.1225 0.149812734082397
2 0.50125 0.5393258426966292 0.1375 0.1947565543071161
2 0.81625 0.5580524344569289 0.1175 0.12734082397003746
4 0.8325 0.0599250936329588 0.15 0.1198501872659176
4 0.18375 0.06741573033707865 0.1725 0.10486891385767791
4 0.4975 0.06928838951310862 0.155 0.13857677902621723
4 0.15375 0.7490636704119851 0.1375 0.12734082397003746
2 0.8125 0.8782771535580525 0.175 0.18352059925093633
2 0.1675 0.8932584269662921 0.135 0.12359550561797752
2 0.50875 0.9101123595505618 0.1225 0.1348314606741573
2 0.19 0.21722846441947566 0.125 0.149812734082397
2 0.85 0.22284644194756553 0.135 0.11610486891385768
2 0.51625 0.2247191011235955 0.1225 0.15730337078651685