4 0.8475 0.10674157303370786 0.07 0.056179775280898875
4 0.4725 0.13670411985018727 0.065 0.07116104868913857
5 0.72875 0.15917602996254682 0.0425 0.07865168539325842
2 0.84875 0.1891385767790262 0.0725 0.07116104868913857
2 0.6475 0.20224719101123595 0.05 0.0599250936329588
2 0.47875 0.21348314606741572 0.0675 0.0599250936329588
5 0.02375 0.2153558052434457 0.0475 0.056179775280898875
4 0.2 0.23220973782771537 0.06 0.0749063670411985
5 0.36125 0.25842696629213485 0.0575 0.0449438202247191
2 0.12125 0.2883895131086142 0.0625 0.0599250936329588
2 0.70875 0.301498127340824 0.0375 0.056179775280898875
5 0.20375 0.32209737827715357 0.0625 0.06741573033707865