2 0.5125 0.37453183520599254 0.055 0.11235955056179775
2 0.7275 0.4438202247191011 0.07 0.07865168539325842
2 0.475 0.44756554307116103 0.095 0.07865168539325842
2 0.655 0.47191011235955055 0.08 0.10486891385767791
4 0.44375 0.5449438202247191 0.1725 0.15355805243445692
2 0.1275 0.5730337078651685 0.155 0.14232209737827714
4 0.81125 0.6217228464419475 0.1125 0.12734082397003746
4 0.67625 0.6704119850187266 0.1375 0.1647940074906367
2 0.4375 0.7322097378277154 0.145 0.13108614232209737
2 0.535 0.7827715355805244 0.105 0.1947565543071161
2 0.82875 0.7827715355805244 0.1175 0.1198501872659176
2 0.67625 0.8632958801498127 0.1375 0.13108614232209737
2 0.7425 0.13670411985018727 0.035 0.056179775280898875
2 0.68 0.20224719101123595 0.045 0.052434456928838954
2 0.535 0.21348314606741572 0.045 0.052434456928838954
2 0.60125 0.23220973782771537 0.0475 0.0599250936329588
4 0.12625 0.3389513108614232 0.1775 0.1760299625468165
2 0.56125 0.34269662921348315 0.0575 0.056179775280898875