2 0.3725 0.46 0.11 0.08444444444444445
2 0.595 0.5311111111111111 0.07 0.08444444444444445
4 0.66625 0.5555555555555556 0.0875 0.09777777777777778
2 0.66 0.6911111111111111 0.09 0.1111111111111111
4 0.38125 0.15333333333333332 0.0975 0.16444444444444445
4 0.76875 0.1688888888888889 0.0425 0.035555555555555556
4 0.5075 0.18222222222222223 0.035 0.035555555555555556
5 0.76125 0.21555555555555556 0.0325 0.04
5 0.50875 0.2288888888888889 0.0275 0.04
5 0.27125 0.24444444444444444 0.0375 0.044444444444444446
2 0.3875 0.25555555555555554 0.075 0.12
2 0.8925 0.33111111111111113 0.03 0.057777777777777775
4 0.935 0.33555555555555555 0.04 0.04888888888888889
5 0.93125 0.38 0.0375 0.057777777777777775