4 0.8857421875 0.3352941176470588 0.142578125 0.1
2 0.392578125 0.36617647058823527 0.0859375 0.07941176470588235
2 0.181640625 0.41323529411764703 0.14453125 0.15
2 0.8916015625 0.45441176470588235 0.115234375 0.10882352941176471
4 0.533203125 0.14852941176470588 0.1328125 0.1323529411764706
4 0.8076171875 0.19264705882352942 0.076171875 0.07352941176470588
4 0.6689453125 0.19558823529411765 0.076171875 0.07058823529411765
4 0.1591796875 0.2411764705882353 0.146484375 0.11764705882352941
2 0.07681640625 0.2505 0.087890625 0.09705882352941177
2 0.54296875 0.2676470588235294 0.12109375 0.12352941176470589
4 0.3935546875 0.2691176470588235 0.087890625 0.09705882352941177
2 0.67578125 0.27794117647058825 0.07421875 0.061764705882352944
2 0.8154296875 0.2823529411764706 0.068359375 0.06470588235294118