3 0.50125 0.5168539325842697 0.1325 0.26217228464419473
2 0.75375 0.06928838951310862 0.0425 0.04119850187265917
5 0.878275 0.0699250936329588 0.04 0.03745318352059925
2 0.45375 0.0898876404494382 0.0375 0.0449438202247191
2 0.52375 0.09363295880149813 0.0475 0.0449438202247191
2 0.955 0.10486891385767791 0.03 0.03745318352059925
2 0.19 0.12172284644194757 0.03 0.033707865168539325
2 0.66625 0.13670411985018727 0.0275 0.033707865168539325
2 0.41625 0.15730337078651685 0.0375 0.052434456928838954
4 0.0775 0.1760299625468165 0.065 0.0749063670411985
4 0.6225 0.21348314606741572 0.065 0.0599250936329588
4 0.25375 0.23595505617977527 0.0525 0.0449438202247191
2 0.08625 0.24344569288389514 0.0525 0.0599250936329588
2 0.6275 0.27715355805243447 0.055 0.052434456928838954
2 0.2575 0.28651685393258425 0.045 0.04868913857677903
4 0.515 0.299625468164794 0.06 0.0599250936329588
2 0.51875 0.36704119850187267 0.0475 0.06741573033707865