4 0.3825 0.37453183520599254 0.06 0.06741573033707865
2 0.05375 0.3938951310861423 0.1075 0.13108614232209737
2 0.71125 0.3951310861423221 0.0625 0.07116104868913857
2 0.38875 0.4400749063670412 0.0575 0.06367041198501873
3 0.7125 0.5580524344569289 0.16 0.2546816479400749
3 0.4125 0.6067415730337079 0.155 0.29213483146067415
4 0.6375 0.17415730337078653 0.085 0.07116104868913857
2 0.64125 0.2565543071161049 0.0575 0.07116104868913857
4 0.4275 0.27340823970037453 0.065 0.052434456928838954
2 0.88625 0.29213483146067415 0.0575 0.06741573033707865
4 0.71 0.30711610486891383 0.075 0.06741573033707865
2 0.266675 0.32146067415730334 0.05 0.06367041198501873
2 0.4325 0.34831460674157305 0.05 0.0599250936329588