2 0.505 0.4122448979591837 0.06 0.11428571428571428
5 0.0975 0.47551020408163264 0.055 0.07755102040816327
2 0.28125 0.48367346938775513 0.0625 0.12653061224489795
5 0.07875 0.05102040816326531 0.0525 0.10204081632653061
2 0.3 0.05918367346938776 0.06 0.09387755102040816
2 0.9325 0.6265306122448979 0.065 0.11836734693877551
2 0.515 0.7346938775510204 0.065 0.11428571428571428
2 0.1275 0.7673469387755102 0.06 0.10612244897959183
2 0.8225 0.07755102040816327 0.04 0.08163265306122448
2 0.5675 0.8163265306122449 0.06 0.12244897959183673
2 0.04875 0.8755102040816326 0.0725 0.1346938775510204
2 0.375 0.9142857142857143 0.07 0.11428571428571428
2 0.49125 0.14081632653061224 0.0525 0.08571428571428572
2 0.8225 0.19591836734693877 0.04 0.08979591836734693
2 0.4825 0.25918367346938775 0.05 0.10204081632653061
2 0.74875 0.25918367346938775 0.0725 0.14285714285714285
2 0.26375 0.2673469387755102 0.0525 0.09387755102040816
2 0.66125 0.2673469387755102 0.0525 0.10204081632653061
2 0.08 0.3326530612244898 0.06 0.10204081632653061
2 0.8925 0.34285714285714286 0.065 0.12244897959183673