2 0.2175 0.4127906976744186 0.08 0.08139534883720931
2 0.6825 0.4418604651162791 0.105 0.10077519379844961
2 0.31875 0.5445736434108527 0.0875 0.1124031007751938
3 0.66375 0.7383720930232558 0.2075 0.43023255813953487
3 0.32625 0.7926356589147286 0.2625 0.4069767441860465
2 0.89375 0.9031007751937985 0.1925 0.17829457364341086
4 0.09875 0.16666666666666666 0.0875 0.09302325581395349
2 0.345 0.2054263565891473 0.04 0.046511627906976744
4 0.7675 0.20930232558139536 0.065 0.09302325581395349
2 0.2375 0.22093023255813954 0.045 0.06201550387596899
4 0.48625 0.2364341085271318 0.0725 0.05426356589147287
5 0.1025 0.28488372093023256 0.075 0.07364341085271318
2 0.77 0.29457364341085274 0.07 0.07751937984496124
2 0.4825 0.3023255813953488 0.065 0.06976744186046512
4 0.22625 0.313953488372093 0.1125 0.09302325581395349
4 0.67125 0.3488372093023256 0.1075 0.09302325581395349