2 0.04375 0.345 0.0675 0.09666666666666666
2 0.50625 0.4066666666666667 0.0625 0.09333333333333334
5 0.065 0.48333333333333334 0.055 0.08666666666666667
2 0.25375 0.49 0.0725 0.10666666666666667
2 0.28875 0.056666666666666664 0.0675 0.1
2 0.97 0.6333333333333333 0.06 0.12
2 0.86 0.075 0.055 0.08333333333333333
2 0.09625 0.7733333333333333 0.0725 0.12
2 0.575 0.8116666666666666 0.07 0.11
2 0.36875 0.915 0.0875 0.11666666666666667
2 0.85875 0.18333333333333332 0.0475 0.08666666666666667
2 0.78 0.25333333333333335 0.065 0.1
2 0.2475 0.255 0.055 0.09666666666666666
2 0.67625 0.265 0.0625 0.09666666666666666
2 0.94 0.33 0.08 0.09333333333333334