5 0.17125 0.37453183520599254 0.0525 0.08239700374531835
2 0.47 0.3970037453183521 0.045 0.0898876404494382
5 0.7 0.41947565543071164 0.05 0.09737827715355805
2 0.1375 0.5430711610486891 0.05 0.0898876404494382
2 0.4475 0.5692883895131086 0.045 0.09737827715355805
2 0.74375 0.06179775280898876 0.0475 0.07865168539325842
5 0.11125 0.07303370786516854 0.0475 0.09363295880149813
5 0.4725 0.14606741573033707 0.045 0.0898876404494382
2 0.825 0.1647940074906367 0.06 0.0898876404494382
5 0.17875 0.22284644194756553 0.0475 0.06367041198501873
2 0.42875 0.29213483146067415 0.0575 0.08239700374531835
5 0.81 0.29213483146067415 0.045 0.06741573033707865