2 0.97125 0.3566666666666667 0.0475 0.04666666666666667
4 0.3525 0.38 0.055 0.05333333333333334
2 0.02375 0.39166666666666666 0.0425 0.043333333333333335
2 0.13625 0.40166666666666667 0.0425 0.043333333333333335
2 0.34875 0.43166666666666664 0.0425 0.03666666666666667
2 0.4725 0.4716666666666667 0.045 0.06333333333333334
2 0.5725 0.495 0.055 0.043333333333333335
2 0.38375 0.05 0.0375 0.04666666666666667
2 0.525 0.051666666666666666 0.03 0.05
2 0.72625 0.5116666666666667 0.0475 0.056666666666666664
2 0.8575 0.515 0.065 0.05
4 0.195 0.525 0.055 0.07
2 0.125 0.5733333333333334 0.055 0.08
2 0.97875 0.5783333333333334 0.0425 0.03666666666666667
2 0.1925 0.5783333333333334 0.05 0.05
2 0.1225 0.5816666666666667 0.055 0.05
4 0.4 0.5883333333333334 0.07 0.08333333333333333
4 0.66875 0.6066666666666667 0.0875 0.06
4 0.54875 0.625 0.0675 0.05
2 0.52 0.065 0.035 0.03666666666666667
2 0.4075 0.6433333333333333 0.05 0.06
2 0.645 0.06833333333333333 0.04 0.043333333333333335
2 0.66625 0.6716666666666666 0.0575 0.056666666666666664
2 0.55 0.6866666666666666 0.055 0.05333333333333334
2 0.825 0.07 0.03 0.03333333333333333
4 0.7925 0.715 0.08 0.07
4 0.2125 0.76 0.08 0.06666666666666667
3 0.40125 0.765 0.1225 0.21
4 0.075 0.765 0.085 0.07666666666666666
2 0.74375 0.07666666666666666 0.0325 0.02666666666666667
2 0.8025 0.7683333333333333 0.055 0.056666666666666664
3 0.6675 0.7883333333333333 0.12 0.21666666666666667
4 0.325 0.7916666666666666 0.065 0.056666666666666664
2 0.22125 0.8316666666666667 0.0625 0.056666666666666664
2 0.0975 0.8333333333333334 0.055 0.06
4 0.5125 0.8366666666666667 0.08 0.06
2 0.3325 0.865 0.06 0.056666666666666664
2 0.505 0.9066666666666666 0.07 0.06
2 0.3325 0.10666666666666667 0.015 0.006666666666666667
2 0.21 0.14166666666666666 0.03 0.03
2 0.08875 0.19666666666666666 0.0375 0.04666666666666667
2 0.025 0.19833333333333333 0.05 0.03666666666666667
2 0.89875 0.19833333333333333 0.0525 0.043333333333333335
2 0.375 0.21666666666666667 0.045 0.05333333333333334
2 0.98 0.22 0.035 0.06
2 0.29125 0.23666666666666666 0.0475 0.04666666666666667
2 0.485 0.25166666666666665 0.05 0.07
2 0.53875 0.25166666666666665 0.0475 0.043333333333333335
2 0.73 0.30666666666666664 0.045 0.03333333333333333
2 0.65125 0.31666666666666665 0.0425 0.04
2 0.8125 0.31833333333333336 0.055 0.05