4 0.73 0.06888888888888889 0.08 0.09333333333333334
4 0.64125 0.09333333333333334 0.0575 0.06222222222222222
2 0.16 0.09333333333333334 0.04 0.06222222222222222
4 0.39375 0.15555555555555556 0.0925 0.11555555555555555
4 0.50875 0.15777777777777777 0.0775 0.07555555555555556
2 0.6525 0.1622222222222222 0.055 0.08444444444444445
2 0.72125 0.17333333333333334 0.0575 0.07111111111111111
2 0.83875 0.2111111111111111 0.0625 0.07555555555555556
2 0.5125 0.2577777777777778 0.06 0.08
2 0.40375 0.2688888888888889 0.0625 0.07555555555555556
2 0.5425 0.4088888888888889 0.06 0.08