3 0.32 0.4370503597122302 0.155 0.3129496402877698
3 0.5725 0.4910071942446043 0.135 0.23381294964028776
4 0.305 0.18884892086330934 0.06 0.0683453237410072
2 0.62125 0.23741007194244604 0.0525 0.06474820143884892
2 0.3025 0.2392086330935252 0.045 0.046762589928057555
2 0.755 0.24100719424460432 0.05 0.050359712230215826
2 0.23875 0.2446043165467626 0.0375 0.03597122302158273
2 0.04 0.24640287769784172 0.06 0.06115107913669065
2 0.47125 0.28597122302158273 0.0425 0.03237410071942446
2 0.90875 0.28776978417266186 0.0575 0.05755395683453238
2 0.4 0.289568345323741 0.04 0.046762589928057555
2 0.57375 0.3129496402877698 0.0575 0.04316546762589928
2 0.83 0.35071942446043164 0.055 0.046762589928057555