5 0.135 0.47123893805309736 0.08 0.06637168141592921
2 0.37375 0.5265486725663717 0.0775 0.08849557522123894
2 0.5664 0.5280088495575221 0.07 0.10619469026548672
2 0.765 0.5353982300884956 0.06 0.07964601769911504
2 0.655 0.5752212389380531 0.08 0.08849557522123894
2 0.45625 0.6460176991150443 0.0575 0.08849557522123894
5 0.895 0.7654867256637168 0.09 0.11504424778761062
2 0.37125 0.8805309734513275 0.1025 0.1415929203539823
2 0.61875 0.9203539823008849 0.0875 0.12389380530973451
5 0.6175 0.23008849557522124 0.07 0.07964601769911504
5 0.7675 0.26991150442477874 0.05 0.07079646017699115
5 0.28 0.3672566371681416 0.06 0.07079646017699115
2 0.68375 0.41150442477876104 0.0475 0.07964601769911504