3 0.76 0.3763250883392226 0.205 0.3992932862190813
3 0.24375 0.39752650176678445 0.1825 0.3215547703180212
3 0.545 0.4911660777385159 0.18 0.3250883392226148
4 0.74125 0.07597173144876325 0.0725 0.09540636042402827
4 0.465 0.10777385159010601 0.06 0.045936395759717315
2 0.90125 0.11130742049469965 0.0625 0.053003533568904596
4 0.28875 0.13074204946996468 0.0675 0.0636042402826855
2 0.18125 0.13427561837455831 0.0475 0.04946996466431095
2 0.755 0.15724381625441697 0.07 0.07420494699646643
2 0.46125 0.1855123674911661 0.0575 0.07420494699646643
2 0.27625 0.1978798586572438 0.0575 0.0706713780918728
4 0.5325 0.24911660777385158 0.065 0.0812720848056537
2 0.5375 0.31625441696113077 0.065 0.06713780918727916