2 0.20625 0.44666666666666666 0.0525 0.10222222222222223
4 0.86125 0.46 0.1675 0.19111111111111112
2 0.39875 0.46444444444444444 0.0475 0.06666666666666667
2 0.04125 0.4688888888888889 0.0475 0.057777777777777775
2 0.31875 0.48 0.0425 0.06222222222222222
2 0.59 0.4822222222222222 0.04 0.04
2 0.6925 0.5111111111111111 0.04 0.05333333333333334
2 0.09375 0.5444444444444444 0.0475 0.057777777777777775
2 0.4525 0.6427111111111111 0.06 0.08444444444444445
3 0.21875 0.6644444444444444 0.1675 0.31555555555555553
2 0.8575 0.6688888888888889 0.17 0.21777777777777776
3 0.09125 0.7 0.1225 0.24444444444444444
3 0.47375 0.8355555555555556 0.1775 0.3111111111111111
4 0.39875 0.36 0.0675 0.07111111111111111
4 0.195 0.38222222222222224 0.08 0.10666666666666667