3 0.61125 0.46828358208955223 0.1025 0.26492537313432835
3 0.23625 0.47201492537313433 0.1675 0.35447761194029853
3 0.39875 0.5541044776119403 0.1775 0.34701492537313433
4 0.23375 0.1287313432835821 0.0725 0.055970149253731345
2 0.375 0.21455223880597016 0.09 0.06343283582089553
2 0.23875 0.22761194029850745 0.0675 0.07462686567164178
4 0.595 0.2332089552238806 0.06 0.041044776119402986
4 0.48125 0.23880597014925373 0.0425 0.04477611940298507
2 0.59875 0.2966417910447761 0.0525 0.055970149253731345
2 0.385 0.30597014925373134 0.09 0.07462686567164178
2 0.48875 0.30597014925373134 0.0475 0.05223880597014925