5 0.73375 0.4306122448979592 0.0375 0.02857142857142857
2 0.52375 0.45102040816326533 0.0325 0.02857142857142857
5 0.05875 0.4530612244897959 0.0375 0.04081632653061224
5 0.0425 0.5795918367346938 0.03 0.0326530612244898
5 0.43125 0.5857142857142857 0.0375 0.044897959183673466
5 0.03625 0.6857142857142857 0.0525 0.04081632653061224
5 0.15125 0.6959183673469388 0.0275 0.044897959183673466
5 0.64625 0.7204081632653061 0.0275 0.044897959183673466
5 0.6025 0.736734693877551 0.04 0.036734693877551024
5 0.135 0.9163265306122449 0.045 0.053061224489795916
5 0.6375 0.9489795918367347 0.035 0.044897959183673466
5 0.4975 0.9510204081632653 0.045 0.04081632653061224
5 0.12 0.12653061224489795 0.035 0.0326530612244898
5 0.21375 0.1346938775510204 0.0425 0.04081632653061224
5 0.5875 0.2530612244897959 0.03 0.04081632653061224
5 0.21 0.2693877551020408 0.035 0.04081632653061224
5 0.06875 0.3020408163265306 0.0375 0.04897959183673469
2 0.44 0.30612244897959184 0.035 0.04897959183673469
5 0.63875 0.35306122448979593 0.0375 0.036734693877551024
5 0.56625 0.3979591836734694 0.0325 0.053061224489795916