2 0.5775 0.46238938053097345 0.085 0.09292035398230089
2 0.09625 0.5154867256637168 0.1125 0.11061946902654868
4 0.5775 0.5862831858407079 0.13 0.09292035398230089
2 0.59125 0.6769911504424779 0.0975 0.11504424778761062
4 0.9525 0.11061946902654868 0.095 0.08849557522123894
2 0.82375 0.13495575221238937 0.0425 0.048672566371681415
4 0.27125 0.1747787610619469 0.1375 0.18141592920353983
2 0.956675 0.22221238938053098 0.085 0.09734513274336283
4 0.445 0.25442477876106195 0.09 0.09292035398230089
4 0.76125 0.336283185840708 0.0875 0.10619469026548672
2 0.26875 0.3407079646017699 0.0825 0.09734513274336283
2 0.4525 0.34513274336283184 0.08 0.08849557522123894
4 0.5825 0.3495575221238938 0.1 0.09734513274336283
4 0.07875 0.3561946902654867 0.1425 0.13716814159292035
2 0.77125 0.44026548672566373 0.0825 0.10176991150442478