2 0.93 0.5844444444444444 0.07 0.07555555555555556
2 0.1725 0.6711111111111111 0.06 0.07111111111111111
2 0.5175 0.7066666666666667 0.08 0.09777777777777778
2 0.125 0.7577777777777778 0.075 0.10222222222222223
2 0.56625 0.8 0.0875 0.10666666666666667
2 0.05125 0.8866666666666667 0.0925 0.10222222222222223
2 0.38625 0.9355555555555556 0.0925 0.12
2 0.26875 0.11555555555555555 0.0675 0.08
2 0.74625 0.12222222222222222 0.0675 0.09333333333333334
2 0.6625 0.12444444444444444 0.065 0.08888888888888889
2 0.48625 0.13555555555555557 0.0625 0.06666666666666667
2 0.89625 0.21555555555555556 0.0775 0.08444444444444445
2 0.0775 0.2222222222222222 0.075 0.06222222222222222
2 0.50125 0.29777777777777775 0.0675 0.12444444444444444
5 0.10375 0.38 0.0625 0.06666666666666667
2 0.64375 0.3933333333333333 0.0675 0.1111111111111111
2 0.27125 0.4088888888888889 0.0675 0.08