2 0.44125 0.45555555555555555 0.0875 0.09333333333333334
2 0.33125 0.4888888888888889 0.0975 0.12444444444444444
3 0.67375 0.6888888888888889 0.2575 0.5511111111111111
3 0.43375 0.7422222222222222 0.2475 0.5155555555555555
4 0.6375 0.14666666666666667 0.11 0.13333333333333333
4 0.7975 0.2511111111111111 0.1 0.1288888888888889
4 0.44625 0.29555555555555557 0.0925 0.12
2 0.63875 0.32222222222222224 0.1025 0.12
4 0.33375 0.3333333333333333 0.1025 0.14222222222222222
2 0.95875 0.38 0.0775 0.1111111111111111
2 0.805 0.39111111111111113 0.1 0.10666666666666667