4 0.52109375 0.2465277777777778 0.046875 0.05416666666666667
4 0.831640625 0.2611111111111111 0.03984375 0.03611111111111111
4 0.93359375 0.2777777777777778 0.04375 0.041666666666666664
4 0.852734375 0.3055555555555556 0.03828125 0.03611111111111111
4 0.758203125 0.30694444444444446 0.03203125 0.027777777777777776
4 0.341015625 0.3173611111111111 0.03203125 0.04583333333333333
5 0.39765625 0.33055555555555555 0.0265625 0.03333333333333333
5 0.934765625 0.33819444444444446 0.04453125 0.04583333333333333
5 0.85234375 0.35138888888888886 0.028125 0.03333333333333333
4 0.216796875 0.3715277777777778 0.04140625 0.05694444444444444
0 0.50625 0.4305555555555556 0.0890625 0.2222222222222222
0 0.683203125 0.4354166666666667 0.08984375 0.2263888888888889
3 0.3984375 0.4395833333333333 0.053125 0.1736111111111111
3 0.330859375 0.45069444444444445 0.06171875 0.1875
3 0.76484375 0.45694444444444443 0.0578125 0.19166666666666668
3 0.15859375 0.4798611111111111 0.071875 0.1736111111111111
3 0.0734375 0.4875 0.0671875 0.23333333333333334
3 0.938671875 0.5097222222222222 0.11328125 0.2833333333333333
3 0.84296875 0.5284722222222222 0.08125 0.27361111111111114
3 0.215234375 0.5756944444444444 0.09140625 0.2625